0(48)= 001100 010010 100001 100001 100001 100001 010010 001100
1(49)= 000100 001100 011100 111100 001100 001100 011110 111111
2(50)= 001110 010001 100001 000010 000100 001000 010000 111111
3(51)= 001110 010001 000010 001111 000001 000001 010010 001100
4(52)= 000010 000110 001010 010010 111110 000010 000010 000010
5(53)= 111111 100000 100000 101110 110001 000001 100010 011100
6(54)= 000011 000100 001000 010000 111100 100010 100010 011100
7(55)= 111111 000001 000001 000010 000100 001000 010000 100000
8(56)= 001100 010010 010010 001100 001100 010010 010010 001100
9(57)= 000110 001001 001001 000111 000010 000100 001000 010000

A(65)= 011110 100001 100001 100001 111111 100001 100001 100001
B(66)= 111110 100001 100010 111100 100010 100001 100001 111110
C(67)= 111111 100000 100000 100000 100000 100000 100000 111111
D(68)= 111110 100001 100001 100001 100001 100001 100001 111110
E(69)= 111111 100000 100000 111100 100000 100000 100000 111111
F(70)= 111111 100000 100000 111100 100000 100000 100000 100000
G(71)= 111111 100001 100000 100000 101111 100001 100001 111111
H(72)= 100001 100001 100001 111111 100001 100001 100001 100001
I(73)= 001100 001100 001100 001100 001100 001100 001100 001100
J(74)= 111111 000100 000100 000100 000100 100100 100100 111100
K(75)= 100010 100100 101000 110000 101000 100100 100010 100001
L(76)= 100000 100000 100000 100000 100000 100000 100000 111111
M(77)= 100001 110011 101101 101101 100001 100001 100001 100001
N(78)= 100001 110001 101001 100101 100011 100001 100001 100001
O(79)= 111111 100001 100001 100001 100001 100001 100001 111111
P(80)= 111111 100001 100001 111111 100000 100000 100000 100000
Q(81)= 111111 100001 100001 100001 101001 100101 100101 111111
R(82)= 111111 100001 100001 111111 101000 100100 100010 100001
S(83)= 111111 100000 100000 100000 111111 000001 000001 111111
T(84)= 111111 001100 001100 001100 001100 001100 001100 001100
U(85)= 100001 100001 100001 100001 100001 100001 100001 111111
V(86)= 100001 100001 010010 010010 001100 001100 000000 000000 
W(87)= 100001 100001 100001 100101 100101 100101 100101 111111
X(88)= 100001 010001 001010 000100 001100 010010 100001 100001
Y(89)= 100001 100001 010010 010010 001100 001100 001100 001100
Z(90)= 111111 000001 000010 000100 001000 010000 100000 111111

# 6% Caracteres aleatorios

. = 000000 000000 000000 000000 000000 000000 000110 000110
, = 000000 000000 000000 000000 000000 000110 000110 000100
$ = 111111 100100 100100 100100 111111 000101 000101 111111
! = 000110 000110 000110 000110 000110 000000 000110 000110
- = 000000 000000 000000 011110 011110 000000 000000 000000
+ = 000000 001100 001100 011110 011110 001100 001100 000000
