001100010010100001100001100001100001010010001100 000000000000000000000000000000000001
000100001100011100111100001100001100011110111111 000000000000000000000000000000000010
001110010001100001000010000100001000010000111111 000000000000000000000000000000000100
001110010001000010001111000001000001010010001100 000000000000000000000000000000001000
000010000110001010010010111110000010000010000010 000000000000000000000000000000010000
111111100000100000101110110001000001100010011100 000000000000000000000000000000100000
000011000100001000010000111100100010100010011100 000000000000000000000000000001000000
111111000001000001000010000100001000010000100000 000000000000000000000000000010000000
001100010010010010001100001100010010010010001100 000000000000000000000000000100000000
000110001001001001000111000010000100001000010000 000000000000000000000000001000000000
011110100001100001100001111111100001100001100001 000000000000000000000000010000000000
111110100001100010111100100010100001100001111110 000000000000000000000000100000000000
111111100000100000100000100000100000100000111111 000000000000000000000001000000000000
111110100001100001100001100001100001100001111110 000000000000000000000010000000000000
111111100000100000111100100000100000100000111111 000000000000000000000100000000000000
111111100000100000111100100000100000100000100000 000000000000000000001000000000000000
111111100001100000100000101111100001100001111111 000000000000000000010000000000000000
100001100001100001111111100001100001100001100001 000000000000000000100000000000000000
001100001100001100001100001100001100001100001100 000000000000000001000000000000000000
111111000100000100000100000100100100100100111100 000000000000000010000000000000000000
100010100100101000110000101000100100100010100001 000000000000000100000000000000000000
100000100000100000100000100000100000100000111111 000000000000001000000000000000000000
100001110011101101101101100001100001100001100001 000000000000010000000000000000000000
100001110001101001100101100011100001100001100001 000000000000100000000000000000000000
111111100001100001100001100001100001100001111111 000000000001000000000000000000000000
111111100001100001111111100000100000100000100000 000000000010000000000000000000000000
111111100001100001100001101001100101100101111111 000000000100000000000000000000000000
111111100001100001111111101000100100100010100001 000000001000000000000000000000000000
111111100000100000100000111111000001000001111111 000000010000000000000000000000000000
111111001100001100001100001100001100001100001100 000000100000000000000000000000000000
100001100001100001100001100001100001100001111111 000001000000000000000000000000000000
100001100001010010010010001100001100000000000000 000010000000000000000000000000000000
100001100001100001100101100101100101100101111111 000100000000000000000000000000000000
100001010001001010000100001100010010100001100001 001000000000000000000000000000000000
100001100001010010010010001100001100001100001100 010000000000000000000000000000000000
111111000001000010000100001000010000100000111111 100000000000000000000000000000000000
