Cabecalho            : 0 1 2 3 4 5 6 7 8 9 A B C D E F G H I J K L M N O P Q R S T U V W X Y Z
Verdadeiros positivos: 0 0 0 0 0 0 0 0 0 0 0 0 0 0 2 0 0 0 0 0 0 0 0 0 0 0 0 0 0 1 0 0 0 0 0 0
Verdadeiros negativos: 88 89 91 84 87 89 86 90 87 88 91 92 89 85 89 92 89 91 90 92 89 91 89 89 84 87 90 83 91 92 88 91 89 91 90 86
Falsos negativos     : 2 3 2 3 2 4 5 2 2 3 2 1 1 5 1 1 3 2 2 1 2 2 1 3 7 6 2 6 1 0 1 2 2 1 3 5
Falsos positivos     : 4 2 1 7 5 1 3 2 5 3 1 1 4 4 2 1 2 1 2 1 3 1 4 2 3 1 2 5 2 1 5 1 3 2 1 3
Sensitividades       : 0.0 0.0 0.0 0.0 0.0 0.0 0.0 0.0 0.0 0.0 0.0 0.0 0.0 0.0 0.6666666666666666 0.0 0.0 0.0 0.0 0.0 0.0 0.0 0.0 0.0 0.0 0.0 0.0 0.0 0.0 1.0 0.0 0.0 0.0 0.0 0.0 0.0
Especificidades      : 0.9565217391304348 0.978021978021978 0.9891304347826086 0.9230769230769231 0.9456521739130435 0.9888888888888889 0.9662921348314607 0.9782608695652174 0.9456521739130435 0.967032967032967 0.9891304347826086 0.989247311827957 0.956989247311828 0.9550561797752809 0.978021978021978 0.989247311827957 0.978021978021978 0.9891304347826086 0.9782608695652174 0.989247311827957 0.967391304347826 0.9891304347826086 0.956989247311828 0.978021978021978 0.9655172413793104 0.9886363636363636 0.9782608695652174 0.9431818181818182 0.978494623655914 0.989247311827957 0.946236559139785 0.9891304347826086 0.967391304347826 0.978494623655914 0.989010989010989 0.9662921348314607
Precisões            : 0.0 0.0 0.0 0.0 0.0 0.0 0.0 0.0 0.0 0.0 0.0 0.0 0.0 0.0 0.5 0.0 0.0 0.0 0.0 0.0 0.0 0.0 0.0 0.0 0.0 0.0 0.0 0.0 0.0 0.5 0.0 0.0 0.0 0.0 0.0 0.0
True Positive Rates  : 0.0 0.0 0.0 0.0 0.0 0.0 0.0 0.0 0.0 0.0 0.0 0.0 0.0 0.0 0.6666666666666666 0.0 0.0 0.0 0.0 0.0 0.0 0.0 0.0 0.0 0.0 0.0 0.0 0.0 0.0 1.0 0.0 0.0 0.0 0.0 0.0 0.0
False Positive Rates : 0.043478260869565216 0.02197802197802198 0.010869565217391304 0.07692307692307693 0.05434782608695652 0.011111111111111112 0.033707865168539325 0.021739130434782608 0.05434782608695652 0.03296703296703297 0.010869565217391304 0.010752688172043012 0.043010752688172046 0.0449438202247191 0.02197802197802198 0.010752688172043012 0.02197802197802198 0.010869565217391304 0.021739130434782608 0.010752688172043012 0.03260869565217391 0.010869565217391304 0.043010752688172046 0.02197802197802198 0.034482758620689655 0.011363636363636364 0.021739130434782608 0.056818181818181816 0.021505376344086023 0.010752688172043012 0.053763440860215055 0.010869565217391304 0.03260869565217391 0.021505376344086023 0.01098901098901099 0.033707865168539325
Acurácia             : 0.9462174940898345
Erro                 : 0.053782505910165535