Cabecalho            : 0 1 2 3 4 5 6 7 8 9 A B C D E F G H I J K L M N O P Q R S T U V W X Y Z
Verdadeiros positivos: 4 2 1 7 5 0 2 2 5 3 1 0 2 3 0 1 0 1 2 1 3 1 0 2 3 1 0 0 0 2 5 1 3 2 1 3
Verdadeiros negativos: 90 92 93 87 89 93 91 92 88 91 92 93 88 90 90 88 92 93 92 93 90 91 90 88 91 89 92 89 92 92 89 93 88 92 93 89
Falsos negativos     : 0 0 0 0 0 0 0 0 1 0 1 0 2 0 0 5 0 0 0 0 1 2 0 4 0 4 0 0 0 0 0 0 3 0 0 2
Falsos positivos     : 0 0 0 0 0 1 1 0 0 0 0 1 2 1 4 0 2 0 0 0 0 0 4 0 0 0 2 5 2 0 0 0 0 0 0 0
Sensitividades       : 1.0 1.0 1.0 1.0 1.0 0 1.0 1.0 0.8333333333333334 1.0 0.5 0 0.5 1.0 0 0.16666666666666666 0 1.0 1.0 1.0 0.75 0.3333333333333333 0 0.3333333333333333 1.0 0.2 0 0 0 1.0 1.0 1.0 0.5 1.0 1.0 0.6
Especificidades      : 1.0 1.0 1.0 1.0 1.0 0.9893617021276596 0.9891304347826086 1.0 1.0 1.0 1.0 0.9893617021276596 0.9777777777777777 0.989010989010989 0.9574468085106383 1.0 0.9787234042553191 1.0 1.0 1.0 1.0 1.0 0.9574468085106383 1.0 1.0 1.0 0.9787234042553191 0.9468085106382979 0.9787234042553191 1.0 1.0 1.0 1.0 1.0 1.0 1.0
Precisões            : 1.0 1.0 1.0 1.0 1.0 0.0 0.6666666666666666 1.0 1.0 1.0 1.0 0.0 0.5 0.75 0.0 1.0 0.0 1.0 1.0 1.0 1.0 1.0 0.0 1.0 1.0 1.0 0.0 0.0 0.0 1.0 1.0 1.0 1.0 1.0 1.0 1.0
True Positive Rates  : 1.0 1.0 1.0 1.0 1.0 0 1.0 1.0 0.8333333333333334 1.0 0.5 0 0.5 1.0 0 0.16666666666666666 0 1.0 1.0 1.0 0.75 0.3333333333333333 0 0.3333333333333333 1.0 0.2 0 0 0 1.0 1.0 1.0 0.5 1.0 1.0 0.6
False Positive Rates : 0.0 0.0 0.0 0.0 0.0 0.010638297872340425 0.010869565217391304 0.0 0.0 0.0 0.0 0.010638297872340425 0.022222222222222223 0.01098901098901099 0.0425531914893617 0.0 0.02127659574468085 0.0 0.0 0.0 0.0 0.0 0.0425531914893617 0.0 0.0 0.0 0.02127659574468085 0.05319148936170213 0.02127659574468085 0.0 0.0 0.0 0.0 0.0 0.0 0.0
Acurácia             : 0.985224586288416
Erro                 : 0.014775413711583973