Cabecalho            : 0 1 2 3 4 5 6 7 8 9 A B C D E F G H I J K L M N O P Q R S T U V W X Y Z
Verdadeiros positivos: 0 0 0 0 0 0 0 0 0 3 0 0 0 0 0 0 0 0 0 0 0 1 0 0 0 0 0 0 0 0 0 1 0 0 0 0
Verdadeiros negativos: 90 92 93 87 89 93 91 92 89 74 93 93 90 90 90 93 92 93 92 93 91 73 90 92 91 93 92 89 92 92 89 41 91 92 93 91
Falsos negativos     : 0 0 0 0 0 0 0 0 0 17 0 0 0 0 0 0 0 0 0 0 0 20 0 0 0 0 0 0 0 0 0 52 0 0 0 0
Falsos positivos     : 4 2 1 7 5 1 3 2 5 0 1 1 4 4 4 1 2 1 2 1 3 0 4 2 3 1 2 5 2 2 5 0 3 2 1 3
Sensitividades       : 0 0 0 0 0 0 0 0 0 0.15 0 0 0 0 0 0 0 0 0 0 0 0.047619047619047616 0 0 0 0 0 0 0 0 0 0.018867924528301886 0 0 0 0
Especificidades      : 0.9574468085106383 0.9787234042553191 0.9893617021276596 0.925531914893617 0.9468085106382979 0.9893617021276596 0.9680851063829787 0.9787234042553191 0.9468085106382979 1.0 0.9893617021276596 0.9893617021276596 0.9574468085106383 0.9574468085106383 0.9574468085106383 0.9893617021276596 0.9787234042553191 0.9893617021276596 0.9787234042553191 0.9893617021276596 0.9680851063829787 1.0 0.9574468085106383 0.9787234042553191 0.9680851063829787 0.9893617021276596 0.9787234042553191 0.9468085106382979 0.9787234042553191 0.9787234042553191 0.9468085106382979 1.0 0.9680851063829787 0.9787234042553191 0.9893617021276596 0.9680851063829787
Precisões            : 0.0 0.0 0.0 0.0 0.0 0.0 0.0 0.0 0.0 1.0 0.0 0.0 0.0 0.0 0.0 0.0 0.0 0.0 0.0 0.0 0.0 1.0 0.0 0.0 0.0 0.0 0.0 0.0 0.0 0.0 0.0 1.0 0.0 0.0 0.0 0.0
True Positive Rates  : 0 0 0 0 0 0 0 0 0 0.15 0 0 0 0 0 0 0 0 0 0 0 0.047619047619047616 0 0 0 0 0 0 0 0 0 0.018867924528301886 0 0 0 0
False Positive Rates : 0.0425531914893617 0.02127659574468085 0.010638297872340425 0.07446808510638298 0.05319148936170213 0.010638297872340425 0.031914893617021274 0.02127659574468085 0.05319148936170213 0.0 0.010638297872340425 0.010638297872340425 0.0425531914893617 0.0425531914893617 0.0425531914893617 0.010638297872340425 0.02127659574468085 0.010638297872340425 0.02127659574468085 0.010638297872340425 0.031914893617021274 0.0 0.0425531914893617 0.02127659574468085 0.031914893617021274 0.010638297872340425 0.02127659574468085 0.05319148936170213 0.02127659574468085 0.02127659574468085 0.05319148936170213 0.0 0.031914893617021274 0.02127659574468085 0.010638297872340425 0.031914893617021274
Acurácia             : 0.9473995271867612
Erro                 : 0.05260047281323876