Cabecalho            : N Q O A G K Y X F B 4 M 7 9 J C 0 S D T Z 5 P L U 8 V R 3 H 2 W 1 6 E I
Verdadeiros positivos: 2 2 2 1 1 3 1 2 1 1 5 4 2 3 1 2 3 2 3 1 3 1 1 1 5 5 1 5 7 1 1 2 2 2 2 2
Verdadeiros negativos: 92 91 91 92 92 90 93 92 91 92 89 88 92 91 93 90 90 92 90 92 91 93 93 92 89 88 93 89 87 93 93 91 92 91 90 91
Falsos negativos     : 0 1 0 1 0 1 0 0 2 1 0 2 0 0 0 0 0 0 0 0 0 0 0 1 0 1 0 0 0 0 0 0 0 0 0 1
Falsos positivos     : 0 0 1 0 1 0 0 0 0 0 0 0 0 0 0 2 1 0 1 1 0 0 0 0 0 0 0 0 0 0 0 1 0 1 2 0
Sensitividades       : 1.0 0.6666666666666666 1.0 0.5 1.0 0.75 1.0 1.0 0.3333333333333333 0.5 1.0 0.6666666666666666 1.0 1.0 1.0 1.0 1.0 1.0 1.0 1.0 1.0 1.0 1.0 0.5 1.0 0.8333333333333334 1.0 1.0 1.0 1.0 1.0 1.0 1.0 1.0 1.0 0.6666666666666666
Especificidades      : 1.0 1.0 0.9891304347826086 1.0 0.989247311827957 1.0 1.0 1.0 1.0 1.0 1.0 1.0 1.0 1.0 1.0 0.9782608695652174 0.989010989010989 1.0 0.989010989010989 0.989247311827957 1.0 1.0 1.0 1.0 1.0 1.0 1.0 1.0 1.0 1.0 1.0 0.9891304347826086 1.0 0.9891304347826086 0.9782608695652174 1.0
Precisões            : 1.0 1.0 0.6666666666666666 1.0 0.5 1.0 1.0 1.0 1.0 1.0 1.0 1.0 1.0 1.0 1.0 0.5 0.75 1.0 0.75 0.5 1.0 1.0 1.0 1.0 1.0 1.0 1.0 1.0 1.0 1.0 1.0 0.6666666666666666 1.0 0.6666666666666666 0.5 1.0
True Positive Rates  : 1.0 0.6666666666666666 1.0 0.5 1.0 0.75 1.0 1.0 0.3333333333333333 0.5 1.0 0.6666666666666666 1.0 1.0 1.0 1.0 1.0 1.0 1.0 1.0 1.0 1.0 1.0 0.5 1.0 0.8333333333333334 1.0 1.0 1.0 1.0 1.0 1.0 1.0 1.0 1.0 0.6666666666666666
False Positive Rates : 0.0 0.0 0.010869565217391304 0.0 0.010752688172043012 0.0 0.0 0.0 0.0 0.0 0.0 0.0 0.0 0.0 0.0 0.021739130434782608 0.01098901098901099 0.0 0.01098901098901099 0.010752688172043012 0.0 0.0 0.0 0.0 0.0 0.0 0.0 0.0 0.0 0.0 0.0 0.010869565217391304 0.0 0.010869565217391304 0.021739130434782608 0.0
Acurácia             : 0.9934988179669031
Erro                 : 0.006501182033096908