Cabecalho            : 0 1 2 3 4 5 6 7 8 9 A B C D E F G H I J K L M N O P Q R S T U V W X Y Z
Verdadeiros positivos: 0 0 0 0 0 0 0 0 0 0 0 0 0 3 0 1 0 0 0 0 0 0 0 0 0 0 0 0 2 0 0 0 0 0 0 0
Verdadeiros negativos: 89 91 92 83 85 89 91 91 83 89 90 85 90 90 90 91 90 92 90 90 87 90 85 91 87 92 89 88 92 89 87 90 89 91 88 86
Falsos negativos     : 3 2 1 7 5 1 2 2 6 3 2 2 2 0 2 2 1 1 3 1 4 2 6 2 2 1 3 5 0 1 5 1 2 2 1 3
Falsos positivos     : 2 1 1 4 4 4 1 1 5 2 2 7 2 1 2 0 3 1 1 3 3 2 3 1 5 1 2 1 0 4 2 3 3 1 5 5
Sensitividades       : 0.0 0.0 0.0 0.0 0.0 0.0 0.0 0.0 0.0 0.0 0.0 0.0 0.0 1.0 0.0 0.3333333333333333 0.0 0.0 0.0 0.0 0.0 0.0 0.0 0.0 0.0 0.0 0.0 0.0 1.0 0.0 0.0 0.0 0.0 0.0 0.0 0.0
Especificidades      : 0.978021978021978 0.9891304347826086 0.989247311827957 0.9540229885057471 0.9550561797752809 0.956989247311828 0.9891304347826086 0.9891304347826086 0.9431818181818182 0.978021978021978 0.9782608695652174 0.9239130434782609 0.9782608695652174 0.989010989010989 0.9782608695652174 1.0 0.967741935483871 0.989247311827957 0.989010989010989 0.967741935483871 0.9666666666666667 0.9782608695652174 0.9659090909090909 0.9891304347826086 0.9456521739130435 0.989247311827957 0.978021978021978 0.9887640449438202 1.0 0.956989247311828 0.9775280898876404 0.967741935483871 0.967391304347826 0.9891304347826086 0.946236559139785 0.945054945054945
Precisões            : 0.0 0.0 0.0 0.0 0.0 0.0 0.0 0.0 0.0 0.0 0.0 0.0 0.0 0.75 0.0 1.0 0.0 0.0 0.0 0.0 0.0 0.0 0.0 0.0 0.0 0.0 0.0 0.0 1.0 0.0 0.0 0.0 0.0 0.0 0.0 0.0
True Positive Rates  : 0.0 0.0 0.0 0.0 0.0 0.0 0.0 0.0 0.0 0.0 0.0 0.0 0.0 1.0 0.0 0.3333333333333333 0.0 0.0 0.0 0.0 0.0 0.0 0.0 0.0 0.0 0.0 0.0 0.0 1.0 0.0 0.0 0.0 0.0 0.0 0.0 0.0
False Positive Rates : 0.02197802197802198 0.010869565217391304 0.010752688172043012 0.04597701149425287 0.0449438202247191 0.043010752688172046 0.010869565217391304 0.010869565217391304 0.056818181818181816 0.02197802197802198 0.021739130434782608 0.07608695652173914 0.021739130434782608 0.01098901098901099 0.021739130434782608 0.0 0.03225806451612903 0.010752688172043012 0.01098901098901099 0.03225806451612903 0.03333333333333333 0.021739130434782608 0.03409090909090909 0.010869565217391304 0.05434782608695652 0.010752688172043012 0.02197802197802198 0.011235955056179775 0.0 0.043010752688172046 0.02247191011235955 0.03225806451612903 0.03260869565217391 0.010869565217391304 0.053763440860215055 0.054945054945054944
Acurácia             : 0.9479905437352246
Erro                 : 0.05200945626477538