Cabecalho            : 0 1 2 3 4 5 6 7 8 9 A B C D E F G H I J K L M N O P Q R S T U V W X Y Z
Verdadeiros positivos: 3 2 1 7 5 0 2 2 5 3 0 0 2 0 0 0 0 1 2 0 3 1 4 2 1 0 0 0 0 1 5 1 1 1 1 0
Verdadeiros negativos: 90 91 93 87 89 93 90 89 88 89 91 93 84 90 90 93 92 92 90 93 87 91 90 92 87 93 92 89 92 89 85 92 91 92 92 91
Falsos negativos     : 0 1 0 0 0 0 1 3 1 2 2 0 6 0 0 0 0 1 2 0 4 2 0 0 4 0 0 0 0 3 4 1 0 0 1 0
Falsos positivos     : 1 0 0 0 0 1 1 0 0 0 1 1 2 4 4 1 2 0 0 1 0 0 0 0 2 1 2 5 2 1 0 0 2 1 0 3
Sensitividades       : 1.0 0.6666666666666666 1.0 1.0 1.0 0 0.6666666666666666 0.4 0.8333333333333334 0.6 0.0 0 0.25 0 0 0 0 0.5 0.5 0 0.42857142857142855 0.3333333333333333 1.0 1.0 0.2 0 0 0 0 0.25 0.5555555555555556 0.5 1.0 1.0 0.5 0
Especificidades      : 0.989010989010989 1.0 1.0 1.0 1.0 0.9893617021276596 0.989010989010989 1.0 1.0 1.0 0.9891304347826086 0.9893617021276596 0.9767441860465116 0.9574468085106383 0.9574468085106383 0.9893617021276596 0.9787234042553191 1.0 1.0 0.9893617021276596 1.0 1.0 1.0 1.0 0.9775280898876404 0.9893617021276596 0.9787234042553191 0.9468085106382979 0.9787234042553191 0.9888888888888889 1.0 1.0 0.978494623655914 0.989247311827957 1.0 0.9680851063829787
Precisões            : 0.75 1.0 1.0 1.0 1.0 0.0 0.6666666666666666 1.0 1.0 1.0 0.0 0.0 0.5 0.0 0.0 0.0 0.0 1.0 1.0 0.0 1.0 1.0 1.0 1.0 0.3333333333333333 0.0 0.0 0.0 0.0 0.5 1.0 1.0 0.3333333333333333 0.5 1.0 0.0
True Positive Rates  : 1.0 0.6666666666666666 1.0 1.0 1.0 0 0.6666666666666666 0.4 0.8333333333333334 0.6 0.0 0 0.25 0 0 0 0 0.5 0.5 0 0.42857142857142855 0.3333333333333333 1.0 1.0 0.2 0 0 0 0 0.25 0.5555555555555556 0.5 1.0 1.0 0.5 0
False Positive Rates : 0.01098901098901099 0.0 0.0 0.0 0.0 0.010638297872340425 0.01098901098901099 0.0 0.0 0.0 0.010869565217391304 0.010638297872340425 0.023255813953488372 0.0425531914893617 0.0425531914893617 0.010638297872340425 0.02127659574468085 0.0 0.0 0.010638297872340425 0.0 0.0 0.0 0.0 0.02247191011235955 0.010638297872340425 0.02127659574468085 0.05319148936170213 0.02127659574468085 0.011111111111111112 0.0 0.0 0.021505376344086023 0.010752688172043012 0.0 0.031914893617021274
Acurácia             : 0.9775413711583925
Erro                 : 0.022458628841607542