Cabecalho            : 0 1 2 3 4 5 6 7 8 9 A B C D E F G H I J K L M N O P Q R S T U V W X Y Z
Verdadeiros positivos: 4 2 1 7 5 1 2 2 5 3 1 1 2 3 3 1 1 1 2 1 3 1 4 2 2 1 2 3 2 1 5 1 3 1 1 3
Verdadeiros negativos: 90 92 93 87 89 93 91 92 87 89 92 92 90 90 89 92 92 93 91 93 90 93 90 92 91 93 91 89 92 92 89 93 91 92 93 91
Falsos negativos     : 0 0 0 0 0 0 0 0 2 2 1 1 0 0 1 1 0 0 1 0 1 0 0 0 0 0 1 0 0 0 0 0 0 0 0 0
Falsos positivos     : 0 0 0 0 0 0 1 0 0 0 0 0 2 1 1 0 1 0 0 0 0 0 0 0 1 0 0 2 0 1 0 0 0 1 0 0
Sensitividades       : 1.0 1.0 1.0 1.0 1.0 1.0 1.0 1.0 0.7142857142857143 0.6 0.5 0.5 1.0 1.0 0.75 0.5 1.0 1.0 0.6666666666666666 1.0 0.75 1.0 1.0 1.0 1.0 1.0 0.6666666666666666 1.0 1.0 1.0 1.0 1.0 1.0 1.0 1.0 1.0
Especificidades      : 1.0 1.0 1.0 1.0 1.0 1.0 0.9891304347826086 1.0 1.0 1.0 1.0 1.0 0.9782608695652174 0.989010989010989 0.9888888888888889 1.0 0.989247311827957 1.0 1.0 1.0 1.0 1.0 1.0 1.0 0.9891304347826086 1.0 1.0 0.978021978021978 1.0 0.989247311827957 1.0 1.0 1.0 0.989247311827957 1.0 1.0
Precisões            : 1.0 1.0 1.0 1.0 1.0 1.0 0.6666666666666666 1.0 1.0 1.0 1.0 1.0 0.5 0.75 0.75 1.0 0.5 1.0 1.0 1.0 1.0 1.0 1.0 1.0 0.6666666666666666 1.0 1.0 0.6 1.0 0.5 1.0 1.0 1.0 0.5 1.0 1.0
True Positive Rates  : 1.0 1.0 1.0 1.0 1.0 1.0 1.0 1.0 0.7142857142857143 0.6 0.5 0.5 1.0 1.0 0.75 0.5 1.0 1.0 0.6666666666666666 1.0 0.75 1.0 1.0 1.0 1.0 1.0 0.6666666666666666 1.0 1.0 1.0 1.0 1.0 1.0 1.0 1.0 1.0
False Positive Rates : 0.0 0.0 0.0 0.0 0.0 0.0 0.010869565217391304 0.0 0.0 0.0 0.0 0.0 0.021739130434782608 0.01098901098901099 0.011111111111111112 0.0 0.010752688172043012 0.0 0.0 0.0 0.0 0.0 0.0 0.0 0.010869565217391304 0.0 0.0 0.02197802197802198 0.0 0.010752688172043012 0.0 0.0 0.0 0.010752688172043012 0.0 0.0
Acurácia             : 0.9934988179669031
Erro                 : 0.006501182033096908