Cabecalho            : 0 1 2 3 4 5 6 7 8 9 A B C D E F G H I J K L M N O P Q R S T U V W X Y Z
Verdadeiros positivos: 4 1 1 7 5 0 3 2 5 3 0 0 1 3 0 1 0 1 2 1 3 1 1 2 2 0 0 0 0 1 4 1 0 2 1 3
Verdadeiros negativos: 90 92 93 87 89 93 91 92 89 90 93 93 89 90 90 87 92 93 90 92 90 88 89 87 88 92 92 89 92 92 87 93 91 92 93 87
Falsos negativos     : 0 0 0 0 0 0 0 0 0 1 0 0 1 0 0 6 0 0 2 1 1 5 1 5 3 1 0 0 0 0 2 0 0 0 0 4
Falsos positivos     : 0 1 0 0 0 1 0 0 0 0 1 1 3 1 4 0 2 0 0 0 0 0 3 0 1 1 2 5 2 1 1 0 3 0 0 0
Sensitividades       : 1.0 1.0 1.0 1.0 1.0 0 1.0 1.0 1.0 0.75 0 0 0.5 1.0 0 0.14285714285714285 0 1.0 0.5 0.5 0.75 0.16666666666666666 0.5 0.2857142857142857 0.4 0.0 0 0 0 1.0 0.6666666666666666 1.0 0 1.0 1.0 0.42857142857142855
Especificidades      : 1.0 0.989247311827957 1.0 1.0 1.0 0.9893617021276596 1.0 1.0 1.0 1.0 0.9893617021276596 0.9893617021276596 0.967391304347826 0.989010989010989 0.9574468085106383 1.0 0.9787234042553191 1.0 1.0 1.0 1.0 1.0 0.967391304347826 1.0 0.9887640449438202 0.989247311827957 0.9787234042553191 0.9468085106382979 0.9787234042553191 0.989247311827957 0.9886363636363636 1.0 0.9680851063829787 1.0 1.0 1.0
Precisões            : 1.0 0.5 1.0 1.0 1.0 0.0 1.0 1.0 1.0 1.0 0.0 0.0 0.25 0.75 0.0 1.0 0.0 1.0 1.0 1.0 1.0 1.0 0.25 1.0 0.6666666666666666 0.0 0.0 0.0 0.0 0.5 0.8 1.0 0.0 1.0 1.0 1.0
True Positive Rates  : 1.0 1.0 1.0 1.0 1.0 0 1.0 1.0 1.0 0.75 0 0 0.5 1.0 0 0.14285714285714285 0 1.0 0.5 0.5 0.75 0.16666666666666666 0.5 0.2857142857142857 0.4 0.0 0 0 0 1.0 0.6666666666666666 1.0 0 1.0 1.0 0.42857142857142855
False Positive Rates : 0.0 0.010752688172043012 0.0 0.0 0.0 0.010638297872340425 0.0 0.0 0.0 0.0 0.010638297872340425 0.010638297872340425 0.03260869565217391 0.01098901098901099 0.0425531914893617 0.0 0.02127659574468085 0.0 0.0 0.0 0.0 0.0 0.03260869565217391 0.0 0.011235955056179775 0.010752688172043012 0.02127659574468085 0.05319148936170213 0.02127659574468085 0.010752688172043012 0.011363636363636364 0.0 0.031914893617021274 0.0 0.0 0.0
Acurácia             : 0.9804964539007093
Erro                 : 0.019503546099290725